0903
0858
0884
0717
0320
0692
0303
0465
0726
0955
0429
0319
0678
0783
0760
0997
0668
0846
0942
0567
0435
0812
0905
0493
0727
0875
1020
0686
0570
0770
0623
0421
0870
0922
0368
0857
0600
0354
0597
0761
0901
0806
0808
0728
0867
0866
0422
0517
0526
0462
0483
0495
0908
0379
0419
0988
0966
0680
0645
0985
0552
0845
0859
0546
0657
0732
0934
0710
0618
0564
0736
0931
0974
0481
0716
0431
0558
0340
0964
1015
0897
0542
0739
0977
0362
0741
0383
0965
0624
0864
0475
0505
0749
0673
0826
0586
0913
0822
0427
0395
1000
0642
1002
0980
0764
0347
0650
0740
0514
0385
0299
0975
0536
0779
0701
0360
0621
0969
0690
1003
0877
0674
0828
0998
0789
0387
0944
0508
0957
0424
0660
0860
1001
0917
0384
0533
0566
0929
0799
0529
0313
0869
0375
0895
0420
0367
1008
0894
0999
0496
0410
0950
0382
0651
0556
0456
0513
0737
0606
0632
0785
0576
0520
0402
0416
0562
0349
0748
0611
0916
0612
0486
0446
0591
0968
0531
0484
0332
0887
0573
0711
0631
0523
0433
0378
0809
0396
0873
0574
0584
0918
0833
0492
0617
0838
0568
0575
0721
0765
0707
0876
0714
0442
0437
0515
0893
0377
0796
0898
0981
0691
0821
0937
0479
0984
0679
0630
0565
0582
0532
0814
0638
0506
0872
0328
0647
0920
0839
0443
0962
0399
0697
0683
0715
0452
0447
0971
0874
0932
0734
0835
0851
0413
0829
0487
0417
0646
0455
0670
0699
0731
0535
0363
0694
0397
0434
0794
0391
0312
0590
0768
0926
0585
0713
0921
0355
0804
0504
0753
0400
0530
0847
0453
0967
0684
0648
1016
0502
0438
0553
0952
0996
0344
0501
0602
0813
0963
0380
0841
0543
0827
0538
0935
0634
0549
0693
0773
0722
0881
0482
0883
0593
0910
0742
0766
0390
0352
0744
0466
0767
0359
0655
0719
0993
0852
0862
0775
0527
0695
0571
0729
0649
0616
0579
0801
0853
0539
0834
0747
0334
0361
0685
1005
0471
0751
0885
0587
0954
0811
0682
0613
0357
0945
0730
0709
0409
0598
0595
0752
0677
0672
0889
0902
0840
0943
0868
0460
